[gd_scene load_steps=3 format=2]

[ext_resource path="res://Scripts/RoomGen/RoomController.gd" type="Script" id=1]
[ext_resource path="res://Scenes/BigDungeonRoom.tscn" type="PackedScene" id=3]

[node name="Room" type="Spatial"]
script = ExtResource( 1 )
room_portals = [ NodePath("Stage/Portals/PortalTopLeft"), NodePath("Stage/Portals/PortalTopRight") ]

[node name="Stage" type="Spatial" parent="."]

[node name="BigDungeonRoom" parent="Stage" instance=ExtResource( 3 )]
transform = Transform( -0.707107, 0, -0.707107, 0, 1, 0, 0.707107, 0, -0.707107, 0, 0, -6.61779 )

[node name="Portals" type="Spatial" parent="Stage"]

[node name="PortalTopLeft" type="Position3D" parent="Stage/Portals"]
transform = Transform( 0.707107, 0, 0.707107, 0, 1, 0, -0.707107, 0, 0.707107, -5.82562, 3.50052, -21.6276 )

[node name="PortalTopRight" type="Position3D" parent="Stage/Portals"]
transform = Transform( 0.707107, 0, -0.707107, 0, 1, 0, 0.707107, 0, 0.707107, 3.88761, 3.50052, -22.2896 )

[node name="Enemies" type="Spatial" parent="Stage"]

[node name="PlayerSpawn" type="Position3D" parent="."]
transform = Transform( 1, 0, 0, 0, 1, 0, 0, 0, 1, 0, 1.6, -6.71039 )

[node name="CameraPos" type="Position3D" parent="."]
transform = Transform( 1, 0, 0, 0, 0.707107, 0.707107, 0, -0.707107, 0.707107, 0, 19.238, 0 )

[editable path="Stage/BigDungeonRoom"]
