[gd_scene load_steps=6 format=2]

[ext_resource path="res://Scripts/RoomGen/RoomController.gd" type="Script" id=1]
[ext_resource path="res://Scripts/RoomGen/WorldEnvironment.gd" type="Script" id=2]
[ext_resource path="res://Scenes/BigDungeonRoom.tscn" type="PackedScene" id=3]

[sub_resource type="PanoramaSky" id=78]

[sub_resource type="Environment" id=79]
background_mode = 1
background_sky = SubResource( 78 )
fog_color = Color( 0.0705882, 0.0941176, 0.117647, 1 )
fog_sun_color = Color( 0, 0, 0, 1 )
fog_depth_begin = 0.0
auto_exposure_min_luma = 0.0
auto_exposure_max_luma = 7.3
ss_reflections_enabled = true
ssao_enabled = true
dof_blur_far_quality = 2
dof_blur_near_amount = 0.06

[node name="RoomA1" type="Spatial"]
script = ExtResource( 1 )
room_name = "A1"
room_portals = [ NodePath("Stage/Portals/PortalTopLeft"), NodePath("Stage/Portals/PortalTopRight") ]

[node name="Stage" type="Spatial" parent="."]

[node name="BigDungeonRoom" parent="Stage" instance=ExtResource( 3 )]
transform = Transform( -0.707107, 0, -0.707107, 0, 1, 0, 0.707107, 0, -0.707107, 0, 0, -6.61779 )

[node name="Portals" type="Spatial" parent="Stage"]

[node name="PortalTopLeft" type="Position3D" parent="Stage/Portals"]
transform = Transform( 0.707107, 0, 0.707107, 0, 1, 0, -0.707107, 0, 0.707107, -5.82562, 3.50052, -21.6276 )

[node name="PortalTopRight" type="Position3D" parent="Stage/Portals"]
transform = Transform( 0.707107, 0, -0.707107, 0, 1, 0, 0.707107, 0, 0.707107, 3.88761, 3.50052, -22.2896 )

[node name="Enemies" type="Spatial" parent="Stage"]

[node name="ReturnPortal" type="Position3D" parent="Stage"]
transform = Transform( 1, 0, 0, 0, 1, 0, 0, 0, 1, -0.182, 3.5, -16.977 )

[node name="PlayerSpawn" type="Position3D" parent="."]
transform = Transform( 1, 0, 0, 0, 1, 0, 0, 0, 1, 0, 1.6, -6.71039 )

[node name="CameraPos" type="Position3D" parent="."]
transform = Transform( 1, 0, 0, 0, 0.707107, 0.707107, 0, -0.707107, 0.707107, 0, 19.238, 0 )

[node name="WorldEnvironment" type="WorldEnvironment" parent="."]
environment = SubResource( 79 )
script = ExtResource( 2 )

[editable path="Stage/BigDungeonRoom"]
